[Область]; [Заражено]; [Активные случаи]; [Погибло]; [Выздоровело]; [Летальность]; [Восстановление]; 
[]; [ 357 643]; [79 564]; [ 5 852]; [ 272 227]; [1,64%]; [ 76,12%]; 
[]; [ 80 025]; [18 553]; [ 1 453]; [ 60 019]; [1,82%]; [ 75,00%]; 
[]; [ 51 232]; [14 676]; [ 3 376]; [ 33 180]; [6,59%]; [ 64,76%]; 
[]; [ 36 481]; [5 258]; [ 646]; [ 30 577]; [1,77%]; [ 83,82%]; 
[]; [ 32 420]; [7 504]; [ 685]; [ 24 231]; [2,11%]; [ 74,74%]; 
[]; [ 26 308]; [4 625]; [ 635]; [ 21 048]; [2,41%]; [ 80,01%]; 
[]; [ 25 531]; [2 722]; [ 208]; [ 22 601]; [0,81%]; [ 88,52%]; 
[]; [ 22 754]; [5 665]; [ 593]; [ 16 496]; [2,61%]; [ 72,50%]; 
[]; [ 21 468]; [3 164]; [ 322]; [ 17 982]; [1,50%]; [ 83,76%]; 
[]; [ 21 356]; [2 214]; [ 244]; [ 18 898]; [1,14%]; [ 88,49%]; 
[]; [ 18 731]; [4 610]; [ 370]; [ 13 751]; [1,98%]; [ 73,41%]; 
[]; [ 18 089]; [3 296]; [ 207]; [ 14 586]; [1,14%]; [ 80,63%]; 
[]; [ 17 954]; [4 037]; [ 112]; [ 13 805]; [0,62%]; [ 76,89%]; 
[]; [ 17 919]; [5 669]; [ 140]; [ 12 110]; [0,78%]; [ 67,58%]; 
[]; [ 17 636]; [2 222]; [ 174]; [ 15 240]; [0,99%]; [ 86,41%]; 
[]; [ 17 280]; [2 952]; [ 254]; [ 14 074]; [1,47%]; [ 81,45%]; 
[]; [ 17 223]; [4 274]; [ 148]; [ 12 801]; [0,86%]; [ 74,33%]; 
[]; [ 16 659]; [5 631]; [ 274]; [ 10 754]; [1,64%]; [ 64,55%]; 
[]; [ 16 223]; [958]; [ 270]; [ 14 995]; [1,66%]; [ 92,43%]; 
[]; [ 15 701]; [4 262]; [ 341]; [ 11 098]; [2,17%]; [ 70,68%]; 
[]; [ 15 151]; [1 635]; [ 96]; [ 13 420]; [0,63%]; [ 88,58%]; 
[]; [ 14 856]; [1 090]; [ 716]; [ 13 050]; [4,82%]; [ 87,84%]; 
[]; [ 14 830]; [1 323]; [ 530]; [ 12 977]; [3,57%]; [ 87,51%]; 
[]; [ 13 854]; [2 721]; [ 219]; [ 10 914]; [1,58%]; [ 78,78%]; 
[]; [ 13 747]; [3 183]; [ 125]; [ 10 439]; [0,91%]; [ 75,94%]; 
[]; [ 13 218]; [1 943]; [ 126]; [ 11 149]; [0,95%]; [ 84,35%]; 
[]; [ 13 205]; [1 760]; [ 360]; [ 11 085]; [2,73%]; [ 83,95%]; 
[]; [ 12 899]; [2 758]; [ 145]; [ 9 996]; [1,12%]; [ 77,49%]; 
[]; [ 12 761]; [3 650]; [ 172]; [ 8 939]; [1,35%]; [ 70,05%]; 
[]; [ 11 482]; [3 383]; [ 337]; [ 7 762]; [2,94%]; [ 67,60%]; 
[]; [ 11 411]; [3 298]; [ 51]; [ 8 062]; [0,45%]; [ 70,65%]; 
[]; [ 11 253]; [3 414]; [ 110]; [ 7 729]; [0,98%]; [ 68,68%]; 
[]; [ 11 043]; [783]; [ 396]; [ 9 864]; [3,59%]; [ 89,32%]; 
[]; [ 10 847]; [2 328]; [ 49]; [ 8 470]; [0,45%]; [ 78,09%]; 
[]; [ 10 544]; [2 038]; [ 151]; [ 8 355]; [1,43%]; [ 79,24%]; 
[]; [ 10 539]; [2 087]; [ 74]; [ 8 378]; [0,70%]; [ 79,50%]; 
[]; [ 10 240]; [2 121]; [ 143]; [ 7 976]; [1,40%]; [ 77,89%]; 
[]; [ 10 176]; [1 271]; [ 60]; [ 8 845]; [0,59%]; [ 86,92%]; 
[]; [ 10 000]; [3 504]; [ 152]; [ 6 344]; [1,52%]; [ 63,44%]; 
[]; [ 9 970]; [2 219]; [ 162]; [ 7 589]; [1,62%]; [ 76,12%]; 
[]; [ 9 844]; [692]; [ 52]; [ 9 100]; [0,53%]; [ 92,44%]; 
[]; [ 9 755]; [2 398]; [ 101]; [ 7 256]; [1,04%]; [ 74,38%]; 
[]; [ 9 746]; [3 703]; [ 103]; [ 5 940]; [1,06%]; [ 60,95%]; 
[]; [ 9 670]; [976]; [ 47]; [ 8 647]; [0,49%]; [ 89,42%]; 
[]; [ 9 369]; [2 062]; [ 67]; [ 7 240]; [0,72%]; [ 77,28%]; 
[]; [ 9 347]; [2 236]; [ 55]; [ 7 056]; [0,59%]; [ 75,49%]; 
[]; [ 9 147]; [1 345]; [ 111]; [ 7 691]; [1,21%]; [ 84,08%]; 
[]; [ 8 822]; [1 803]; [ 114]; [ 6 905]; [1,29%]; [ 78,27%]; 
[]; [ 8 701]; [1 521]; [ 51]; [ 7 129]; [0,59%]; [ 81,93%]; 
[]; [ 8 540]; [1 365]; [ 93]; [ 7 082]; [1,09%]; [ 82,93%]; 
[]; [ 8 491]; [2 510]; [ 75]; [ 5 906]; [0,88%]; [ 69,56%]; 
[]; [ 8 406]; [3 264]; [ 30]; [ 5 112]; [0,36%]; [ 60,81%]; 
[]; [ 8 400]; [1 165]; [ 91]; [ 7 144]; [1,08%]; [ 85,05%]; 
[]; [ 8 346]; [1 888]; [ 240]; [ 6 218]; [2,88%]; [ 74,50%]; 
[]; [ 8 093]; [1 193]; [ 143]; [ 6 757]; [1,77%]; [ 83,49%]; 
[]; [ 7 780]; [2 895]; [ 87]; [ 4 798]; [1,12%]; [ 61,67%]; 
[]; [ 7 770]; [974]; [ 94]; [ 6 702]; [1,21%]; [ 86,25%]; 
[]; [ 7 765]; [2 637]; [ 285]; [ 4 843]; [3,67%]; [ 62,37%]; 
[]; [ 7 479]; [1 346]; [ 167]; [ 5 966]; [2,23%]; [ 79,77%]; 
[]; [ 7 337]; [1 226]; [ 47]; [ 6 064]; [0,64%]; [ 82,65%]; 
[]; [ 7 197]; [2 002]; [ 108]; [ 5 087]; [1,50%]; [ 70,68%]; 
[]; [ 6 992]; [1 005]; [ 56]; [ 5 931]; [0,80%]; [ 84,83%]; 
[]; [ 6 673]; [2 648]; [ 104]; [ 3 921]; [1,56%]; [ 58,76%]; 
[]; [ 6 634]; [1 977]; [ 3]; [ 4 654]; [0,05%]; [ 70,15%]; 
[]; [ 6 563]; [1 181]; [ 87]; [ 5 295]; [1,33%]; [ 80,68%]; 
[]; [ 6 463]; [1 398]; [ 72]; [ 4 993]; [1,11%]; [ 77,26%]; 
[]; [ 6 349]; [1 906]; [ 67]; [ 4 376]; [1,06%]; [ 68,92%]; 
[]; [ 6 264]; [2 025]; [ 90]; [ 4 149]; [1,44%]; [ 66,24%]; 
[]; [ 5 892]; [1 607]; [ 95]; [ 4 190]; [1,61%]; [ 71,11%]; 
[]; [ 5 726]; [1 367]; [ 56]; [ 4 303]; [0,98%]; [ 75,15%]; 
[]; [ 5 574]; [1 541]; [ 93]; [ 3 940]; [1,67%]; [ 70,69%]; 
[]; [ 5 416]; [794]; [ 61]; [ 4 561]; [1,13%]; [ 84,21%]; 
[]; [ 5 373]; [840]; [ 61]; [ 4 472]; [1,14%]; [ 83,23%]; 
[]; [ 5 133]; [477]; [ 60]; [ 4 596]; [1,17%]; [ 89,54%]; 
[]; [ 5 079]; [1 419]; [ 12]; [ 3 648]; [0,24%]; [ 71,83%]; 
[]; [ 5 076]; [1 596]; [ 43]; [ 3 437]; [0,85%]; [ 67,71%]; 
[]; [ 5 071]; [1 509]; [ 126]; [ 3 436]; [2,48%]; [ 67,76%]; 
[]; [ 4 802]; [791]; [ 43]; [ 3 968]; [0,90%]; [ 82,63%]; 
[]; [ 4 775]; [753]; [ 59]; [ 3 963]; [1,24%]; [ 82,99%]; 
[]; [ 3 674]; [883]; [ 63]; [ 2 728]; [1,71%]; [ 74,25%]; 
[]; [ 2 522]; [431]; [ 44]; [ 2 047]; [1,74%]; [ 81,17%]; 
[]; [ 1 542]; [495]; [ 48]; [ 999]; [3,11%]; [ 64,79%]; 
[]; [ 1 378]; [555]; [ 20]; [ 803]; [1,45%]; [ 58,27%]; 
[]; [ 380]; [240]; [ 4]; [ 136]; [1,05%]; [ 35,79%]; 
[]; [ 220]; [24]; [ 2]; [ 194]; [0,91%]; [ 88,18%]; 
